     1.00000    0.31099
     0.99229    0.14961
     0.98073    0.09998
     0.96735    0.05964
     0.95331    0.02925
     0.93908    0.00435
     0.92481   -0.01686
     0.91051   -0.03549
     0.89620   -0.05222
     0.88189   -0.06747
     0.86756   -0.08155
     0.85324   -0.09468
     0.83890   -0.10701
     0.82456   -0.11868
     0.81022   -0.12977
     0.79586   -0.14037
     0.78151   -0.15055
     0.76715   -0.16035
     0.75279   -0.16983
     0.73842   -0.17902
     0.72405   -0.18795
     0.70967   -0.19667
     0.69529   -0.20519
     0.68091   -0.21354
     0.66653   -0.22173
     0.65215   -0.22980
     0.63776   -0.23774
     0.62338   -0.24559
     0.60899   -0.25335
     0.59460   -0.26104
     0.58021   -0.26868
     0.56582   -0.27627
     0.55144   -0.28383
     0.53705   -0.29138
     0.52266   -0.29893
     0.50828   -0.30650
     0.49390   -0.31412
     0.47952   -0.32181
     0.46515   -0.32963
     0.45078   -0.33763
     0.43641   -0.34591
     0.42205   -0.35464
     0.40771   -0.36436
     0.39342   -0.37711
     0.37918   -0.38661
     0.36496   -0.39450
     0.35075   -0.40140
     0.33655   -0.40750
     0.32237   -0.41285
     0.30820   -0.41750
     0.29404   -0.42147
     0.27991   -0.42474
     0.26579   -0.42730
     0.25170   -0.42914
     0.23763   -0.43020
     0.22360   -0.43046
     0.20960   -0.42984
     0.19564   -0.42830
     0.18173   -0.42573
     0.16787   -0.42205
     0.15407   -0.41713
     0.14035   -0.41081
     0.12672   -0.40288
     0.11321   -0.39308
     0.09983   -0.38104
     0.08665   -0.36624
     0.07371   -0.34796
     0.06116   -0.32509
     0.04920   -0.29608
     0.03823   -0.25894
     0.02878   -0.21187
     0.02122   -0.15393
     0.01547   -0.08452
     0.01115   -0.00204
     0.00788    0.09706
     0.00537    0.21755
     0.00343    0.36503
     0.00197    0.54186
     0.00093    0.73803
     0.00028    0.91424
     0.00001    0.99894
     0.00010    0.94042
     0.00059    0.73343
     0.00151    0.46492
     0.00287    0.22936
     0.00467    0.05665
     0.00697   -0.06116
     0.00989   -0.13863
     0.01362   -0.18795
     0.01848   -0.21684
     0.02490   -0.23035
     0.03327   -0.23193
     0.04360   -0.22510
     0.05545   -0.21358
     0.06824   -0.20018
     0.08156   -0.18642
     0.09520   -0.17296
     0.10906   -0.16003
     0.12307   -0.14773
     0.13718   -0.13606
     0.15139   -0.12498
     0.16566   -0.11448
     0.17998   -0.10453
     0.19435   -0.09508
     0.20876   -0.08612
     0.22320   -0.07763
     0.23767   -0.06959
     0.25217   -0.06199
     0.26669   -0.05482
     0.28123   -0.04807
     0.29578   -0.04176
     0.31036   -0.03589
     0.32494   -0.03047
     0.33954   -0.02555
     0.35415   -0.02115
     0.36875   -0.01741
     0.38334   -0.01433
     0.39790   -0.01341
     0.41246   -0.01332
     0.42700   -0.01108
     0.44156   -0.00842
     0.45612   -0.00547
     0.47069   -0.00236
     0.48526    0.00084
     0.49984    0.00409
     0.51442    0.00736
     0.52901    0.01064
     0.54361    0.01390
     0.55821    0.01714
     0.57281    0.02034
     0.58741    0.02351
     0.60202    0.02664
     0.61663    0.02972
     0.63124    0.03277
     0.64584    0.03577
     0.66044    0.03873
     0.67504    0.04167
     0.68964    0.04457
     0.70424    0.04745
     0.71883    0.05033
     0.73343    0.05320
     0.74802    0.05608
     0.76261    0.05900
     0.77721    0.06195
     0.79180    0.06498
     0.80639    0.06811
     0.82099    0.07136
     0.83558    0.07478
     0.85018    0.07843
     0.86478    0.08238
     0.87937    0.08671
     0.89397    0.09156
     0.90857    0.09710
     0.92317    0.10360
     0.93776    0.11152
     0.95231    0.12160
     0.96669    0.13527
     0.98037    0.15581
     0.99217    0.18565
     1.00000    0.31099
